1 0.3938829787234043 0.5962837837837838 0.014361702127659574 0.026351351351351353
1 0.411968085106383 0.5834459459459459 0.011170212765957447 0.020945945945945947
1 0.36090425531914894 0.6195945945945946 0.02074468085106383 0.03648648648648649
1 0.4252659574468085 0.5746621621621621 0.009042553191489361 0.016891891891891893
1 0.4327127659574468 0.5699324324324324 0.005851063829787234 0.01418918918918919
1 0.43617021276595747 0.5655405405405406 0.005319148936170213 0.012162162162162163
1 0.44042553191489364 0.5625 0.00425531914893617 0.010135135135135136
1 0.4444148936170213 0.5604729729729729 0.0047872340425531915 0.008783783783783784
1 0.44680851063829785 0.5581081081081081 0.0031914893617021275 0.008108108108108109
1 0.44893617021276594 0.5560810810810811 0.0031914893617021275 0.008108108108108109
1 0.44148936170212766 0.5557432432432432 0.0031914893617021275 0.008783783783783784
1 0.42367021276595745 0.5554054054054054 0.003723404255319149 0.008108108108108109
1 0.4039893617021277 0.5560810810810811 0.0047872340425531915 0.008108108108108109
1 0.35319148936170214 0.5574324324324325 0.005319148936170213 0.00945945945945946
1 0.29521276595744683 0.5604729729729729 0.005319148936170213 0.008783783783783784
1 0.27074468085106385 0.5675675675675675 0.006382978723404255 0.012162162162162163
1 0.2670212765957447 0.5706081081081081 0.006382978723404255 0.01418918918918919
1 0.23297872340425532 0.5658783783783784 0.006382978723404255 0.01418918918918919
1 0.20824468085106382 0.5658783783783784 0.0047872340425531915 0.010135135135135136
1 0.20053191489361702 0.5672297297297297 0.005319148936170213 0.011486486486486487
1 0.18058510638297873 0.5780405405405405 0.009042553191489361 0.015540540540540541
1 0.08776595744680851 0.5841216216216216 0.010638297872340425 0.018243243243243244
0 0.6311170212765957 0.6189189189189189 0.023936170212765957 0.03783783783783784
0 0.5667553191489362 0.5831081081081081 0.01223404255319149 0.02027027027027027
0 0.5941489361702128 0.595945945945946 0.015957446808510637 0.02702702702702703
0 0.551595744680851 0.5756756756756757 0.009574468085106383 0.01756756756756757
0 0.5412234042553191 0.5689189189189189 0.006914893617021276 0.013513513513513514
0 0.5295212765957447 0.5658783783783784 0.0047872340425531915 0.011486486486486487
0 0.5063829787234042 0.5550675675675676 0.002127659574468085 0.00472972972972973
0 0.48138297872340424 0.5547297297297298 0.0031914893617021275 0.005405405405405406
0 0.5234042553191489 0.5628378378378378 0.005319148936170213 0.00945945945945946
0 0.5204787234042553 0.5601351351351351 0.003723404255319149 0.008108108108108109
0 0.5172872340425532 0.5577702702702703 0.0026595744680851063 0.006081081081081081
0 0.5140957446808511 0.5564189189189189 0.0026595744680851063 0.006081081081081081
0 0.4587765957446808 0.5550675675675676 0.0047872340425531915 0.008783783783783784
0 0.425531914893617 0.5543918918918919 0.0031914893617021275 0.007432432432432433
0 0.3952127659574468 0.5547297297297298 0.005319148936170213 0.00945945945945946
0 0.3704787234042553 0.5564189189189189 0.0047872340425531915 0.008783783783783784
0 0.3202127659574468 0.5591216216216216 0.00425531914893617 0.008783783783783784
0 0.263563829787234 0.5604729729729729 0.0047872340425531915 0.010135135135135136
0 0.1574468085106383 0.566554054054054 0.006382978723404255 0.010135135135135136
0 0.15558510638297873 0.5753378378378379 0.007978723404255319 0.012837837837837839
0 0.14813829787234042 0.5766891891891892 0.006914893617021276 0.012837837837837839
0 0.13430851063829788 0.5736486486486486 0.006914893617021276 0.013513513513513514
0 0.1398936170212766 0.5695945945945946 0.005319148936170213 0.00945945945945946
0 0.12420212765957447 0.5726351351351351 0.0047872340425531915 0.011486486486486487
0 0.1273936170212766 0.5712837837837837 0.0047872340425531915 0.010135135135135136
0 0.09813829787234042 0.5797297297297297 0.006914893617021276 0.014864864864864866
2 0.7311170212765957 0.6766891891891892 0.04202127659574468 0.06554054054054054
2 0.27632978723404256 0.6722972972972973 0.03776595744680851 0.05810810810810811
